$ 1 5.0E-6 10.20027730826997 50 5.0 50
178 464 176 560 176 0 1 0.2 1.199999759802228E-7 0.05 1000000.0 0.02 20.0
d 432 272 432 208 1 0.805904783
w 464 224 464 272 0
w 464 208 432 208 0
w 464 176 432 176 0
w 432 176 432 208 0
w 432 176 432 128 0
w 432 128 608 128 0
r 560 192 560 320 0 4700.0
r 608 128 608 256 0 4700.0
w 560 160 752 160 0
w 464 272 432 272 0
f 400 336 432 336 0 1.5
w 432 320 432 272 0
w 432 272 256 272 0
w 432 352 432 400 0
w 432 400 384 400 0
w 384 400 384 304 0
w 384 304 256 304 0
w 288 336 288 368 0
r 400 336 320 336 0 1000.0
w 384 400 320 400 0
w 432 400 560 400 0
w 560 400 608 400 0
162 560 320 560 400 1 2.1024259 1.0 0.0 0.0
162 608 256 608 368 1 2.1024259 1.0 0.0 0.0
w 608 400 816 400 0
w 752 160 752 368 0
w 752 368 816 368 0
w 608 368 608 400 0
x 631 318 716 322 0 16 Power LED
x 621 369 716 373 0 16 Release LED
x 444 341 506 345 0 16 2N7000
x 356 246 418 250 0 16 1N4001
x 831 391 942 395 0 16 Magnetic Lock
x 128 291 243 295 0 16 Release Switch
x 74 389 247 393 0 16 Release Signal (3-20V)
g 432 400 432 416 0
R 432 128 432 96 0 0 40.0 12.0 0.0 0.0 0.5
x 463 151 561 155 0 16 D2n V23105
r 320 336 320 400 0 100000.0
w 320 336 288 336 0
w 320 400 256 400 0
w 288 368 256 368 0
